    Time(yr)   SMco2_tot(kg)   AQco2_tot(kg)
  0.0000E+00      0.0000E+00      0.0000E+00
  0.1000E+01      0.0000E+00      0.0000E+00
  0.1123E+01      0.0000E+00      0.0000E+00
  0.2492E+01      0.0000E+00      0.0000E+00
  0.3861E+01      0.0000E+00      0.0000E+00
  0.5230E+01      0.0000E+00      0.0000E+00
  0.6599E+01      0.0000E+00      0.0000E+00
  0.7968E+01      0.0000E+00      0.0000E+00
  0.9337E+01      0.0000E+00      0.0000E+00
  0.1000E+02      0.0000E+00      0.0000E+00
