    Time(yr)   SMco2_tot(kg)   AQco2_tot(kg)
  0.0000E+00      0.0000E+00      0.0000E+00
  0.2076E-02      0.0000E+00      0.0000E+00
  0.2013E-01      0.0000E+00      0.0000E+00
  0.7980E-01      0.0000E+00      0.0000E+00
  0.2124E+00      0.0000E+00      0.0000E+00
  0.5497E+00      0.0000E+00      0.0000E+00
  0.1184E+01      0.0000E+00      0.0000E+00
  0.1810E+01      0.0000E+00      0.0000E+00
  0.3118E+01      0.0000E+00      0.0000E+00
  0.4658E+01      0.0000E+00      0.0000E+00
  0.5198E+01      0.0000E+00      0.0000E+00
  0.6242E+01      0.0000E+00      0.0000E+00
  0.7797E+01      0.0000E+00      0.0000E+00
  0.8340E+01      0.0000E+00      0.0000E+00
  0.9518E+01      0.0000E+00      0.0000E+00
  0.1109E+02      0.0000E+00      0.0000E+00
  0.1241E+02      0.0000E+00      0.0000E+00
  0.1404E+02      0.0000E+00      0.0000E+00
  0.1794E+02      0.0000E+00      0.0000E+00
  0.2202E+02      0.0000E+00      0.0000E+00
  0.2499E+02      0.0000E+00      0.0000E+00
  0.2782E+02      0.0000E+00      0.0000E+00
  0.2916E+02      0.0000E+00      0.0000E+00
  0.3291E+02      0.0000E+00      0.0000E+00
  0.3303E+02      0.0000E+00      0.0000E+00
  0.3421E+02      0.0000E+00      0.0000E+00
  0.3521E+02      0.0000E+00      0.0000E+00
  0.3789E+02      0.0000E+00      0.0000E+00
  0.4121E+02      0.0000E+00      0.0000E+00
  0.4315E+02      0.0000E+00      0.0000E+00
  0.4328E+02      0.0000E+00      0.0000E+00
  0.4335E+02      0.0000E+00      0.0000E+00
  0.4347E+02      0.0000E+00      0.0000E+00
  0.4374E+02      0.0000E+00      0.0000E+00
  0.4501E+02      0.0000E+00      0.0000E+00
  0.4520E+02      0.0000E+00      0.0000E+00
  0.5106E+02      0.0000E+00      0.0000E+00
  0.5111E+02      0.0000E+00      0.0000E+00
  0.5168E+02      0.0000E+00      0.0000E+00
  0.5799E+02      0.0000E+00      0.0000E+00
  0.6680E+02      0.0000E+00      0.0000E+00
  0.6842E+02      0.0000E+00      0.0000E+00
  0.6847E+02      0.0000E+00      0.0000E+00
  0.6872E+02      0.0000E+00      0.0000E+00
  0.8874E+02      0.0000E+00      0.0000E+00
  0.8874E+02      0.0000E+00      0.0000E+00
  0.8874E+02      0.0000E+00      0.0000E+00
  0.8874E+02      0.0000E+00      0.0000E+00
  0.8874E+02      0.0000E+00      0.0000E+00
  0.8874E+02      0.0000E+00      0.0000E+00
  0.8874E+02      0.0000E+00      0.0000E+00
  0.8874E+02      0.0000E+00      0.0000E+00
  0.8874E+02      0.0000E+00      0.0000E+00
  0.8874E+02      0.0000E+00      0.0000E+00
  0.8874E+02      0.0000E+00      0.0000E+00
  0.8874E+02      0.0000E+00      0.0000E+00
  0.8874E+02      0.0000E+00      0.0000E+00
  0.8874E+02      0.0000E+00      0.0000E+00
  0.8874E+02      0.0000E+00      0.0000E+00
  0.8874E+02      0.0000E+00      0.0000E+00
  0.8874E+02      0.0000E+00      0.0000E+00
  0.8874E+02      0.0000E+00      0.0000E+00
  0.8874E+02      0.0000E+00      0.0000E+00
  0.8874E+02      0.0000E+00      0.0000E+00
  0.8874E+02      0.0000E+00      0.0000E+00
  0.8874E+02      0.0000E+00      0.0000E+00
  0.8874E+02      0.0000E+00      0.0000E+00
  0.8874E+02      0.0000E+00      0.0000E+00
  0.8874E+02      0.0000E+00      0.0000E+00
  0.8874E+02      0.0000E+00      0.0000E+00
  0.8874E+02      0.0000E+00      0.0000E+00
  0.8874E+02      0.0000E+00      0.0000E+00
  0.8874E+02      0.0000E+00      0.0000E+00
  0.8874E+02      0.0000E+00      0.0000E+00
  0.8874E+02      0.0000E+00      0.0000E+00
  0.8874E+02      0.0000E+00      0.0000E+00
  0.8874E+02      0.0000E+00      0.0000E+00
  0.8874E+02      0.0000E+00      0.0000E+00
  0.8874E+02      0.0000E+00      0.0000E+00
  0.8874E+02      0.0000E+00      0.0000E+00
  0.8874E+02      0.0000E+00      0.0000E+00
  0.8874E+02      0.0000E+00      0.0000E+00
  0.8874E+02      0.0000E+00      0.0000E+00
  0.8874E+02      0.0000E+00      0.0000E+00
  0.8874E+02      0.0000E+00      0.0000E+00
  0.8874E+02      0.0000E+00      0.0000E+00
  0.8874E+02      0.0000E+00      0.0000E+00
  0.8874E+02      0.0000E+00      0.0000E+00
  0.8874E+02      0.0000E+00      0.0000E+00
  0.8874E+02      0.0000E+00      0.0000E+00
  0.8874E+02      0.0000E+00      0.0000E+00
  0.8874E+02      0.0000E+00      0.0000E+00
  0.8874E+02      0.0000E+00      0.0000E+00
  0.8874E+02      0.0000E+00      0.0000E+00
  0.8874E+02      0.0000E+00      0.0000E+00
  0.8874E+02      0.0000E+00      0.0000E+00
  0.8874E+02      0.0000E+00      0.0000E+00
  0.8874E+02      0.0000E+00      0.0000E+00
  0.8874E+02      0.0000E+00      0.0000E+00
  0.8874E+02      0.0000E+00      0.0000E+00
  0.8874E+02      0.0000E+00      0.0000E+00
  0.8874E+02      0.0000E+00      0.0000E+00
  0.8874E+02      0.0000E+00      0.0000E+00
  0.8874E+02      0.0000E+00      0.0000E+00
  0.8874E+02      0.0000E+00      0.0000E+00
  0.8874E+02      0.0000E+00      0.0000E+00
  0.8874E+02      0.0000E+00      0.0000E+00
  0.8874E+02      0.0000E+00      0.0000E+00
  0.8874E+02      0.0000E+00      0.0000E+00
  0.8874E+02      0.0000E+00      0.0000E+00
  0.8874E+02      0.0000E+00      0.0000E+00
  0.8874E+02      0.0000E+00      0.0000E+00
  0.8874E+02      0.0000E+00      0.0000E+00
  0.8874E+02      0.0000E+00      0.0000E+00
  0.8874E+02      0.0000E+00      0.0000E+00
  0.8874E+02      0.0000E+00      0.0000E+00
  0.8874E+02      0.0000E+00      0.0000E+00
  0.8874E+02      0.0000E+00      0.0000E+00
  0.8874E+02      0.0000E+00      0.0000E+00
  0.8874E+02      0.0000E+00      0.0000E+00
  0.8874E+02      0.0000E+00      0.0000E+00
  0.8874E+02      0.0000E+00      0.0000E+00
  0.8874E+02      0.0000E+00      0.0000E+00
  0.8874E+02      0.0000E+00      0.0000E+00
  0.8874E+02      0.0000E+00      0.0000E+00
  0.8874E+02      0.0000E+00      0.0000E+00
  0.8874E+02      0.0000E+00      0.0000E+00
  0.8874E+02      0.0000E+00      0.0000E+00
  0.8874E+02      0.0000E+00      0.0000E+00
  0.8874E+02      0.0000E+00      0.0000E+00
  0.8874E+02      0.0000E+00      0.0000E+00
  0.8874E+02      0.0000E+00      0.0000E+00
  0.8874E+02      0.0000E+00      0.0000E+00
  0.8874E+02      0.0000E+00      0.0000E+00
  0.8874E+02      0.0000E+00      0.0000E+00
  0.8874E+02      0.0000E+00      0.0000E+00
  0.8874E+02      0.0000E+00      0.0000E+00
  0.8874E+02      0.0000E+00      0.0000E+00
  0.8874E+02      0.0000E+00      0.0000E+00
  0.8874E+02      0.0000E+00      0.0000E+00
  0.8874E+02      0.0000E+00      0.0000E+00
  0.8874E+02      0.0000E+00      0.0000E+00
  0.8874E+02      0.0000E+00      0.0000E+00
  0.8874E+02      0.0000E+00      0.0000E+00
  0.8874E+02      0.0000E+00      0.0000E+00
  0.8874E+02      0.0000E+00      0.0000E+00
  0.8874E+02      0.0000E+00      0.0000E+00
  0.8874E+02      0.0000E+00      0.0000E+00
  0.8874E+02      0.0000E+00      0.0000E+00
  0.8874E+02      0.0000E+00      0.0000E+00
  0.8874E+02      0.0000E+00      0.0000E+00
  0.8874E+02      0.0000E+00      0.0000E+00
  0.8874E+02      0.0000E+00      0.0000E+00
  0.8874E+02      0.0000E+00      0.0000E+00
  0.8874E+02      0.0000E+00      0.0000E+00
  0.8874E+02      0.0000E+00      0.0000E+00
  0.8874E+02      0.0000E+00      0.0000E+00
  0.8874E+02      0.0000E+00      0.0000E+00
  0.8874E+02      0.0000E+00      0.0000E+00
  0.8874E+02      0.0000E+00      0.0000E+00
  0.8874E+02      0.0000E+00      0.0000E+00
  0.8874E+02      0.0000E+00      0.0000E+00
  0.8874E+02      0.0000E+00      0.0000E+00
  0.8874E+02      0.0000E+00      0.0000E+00
  0.8874E+02      0.0000E+00      0.0000E+00
  0.8874E+02      0.0000E+00      0.0000E+00
  0.8874E+02      0.0000E+00      0.0000E+00
  0.8874E+02      0.0000E+00      0.0000E+00
  0.8874E+02      0.0000E+00      0.0000E+00
  0.8874E+02      0.0000E+00      0.0000E+00
  0.8874E+02      0.0000E+00      0.0000E+00
  0.8874E+02      0.0000E+00      0.0000E+00
  0.8874E+02      0.0000E+00      0.0000E+00
  0.8874E+02      0.0000E+00      0.0000E+00
  0.8874E+02      0.0000E+00      0.0000E+00
  0.8874E+02      0.0000E+00      0.0000E+00
  0.8874E+02      0.0000E+00      0.0000E+00
  0.8874E+02      0.0000E+00      0.0000E+00
  0.8874E+02      0.0000E+00      0.0000E+00
  0.8874E+02      0.0000E+00      0.0000E+00
  0.8874E+02      0.0000E+00      0.0000E+00
  0.8874E+02      0.0000E+00      0.0000E+00
  0.8874E+02      0.0000E+00      0.0000E+00
  0.8874E+02      0.0000E+00      0.0000E+00
  0.8874E+02      0.0000E+00      0.0000E+00
  0.8874E+02      0.0000E+00      0.0000E+00
  0.8874E+02      0.0000E+00      0.0000E+00
  0.8874E+02      0.0000E+00      0.0000E+00
  0.8874E+02      0.0000E+00      0.0000E+00
  0.8874E+02      0.0000E+00      0.0000E+00
  0.8874E+02      0.0000E+00      0.0000E+00
  0.8874E+02      0.0000E+00      0.0000E+00
  0.8874E+02      0.0000E+00      0.0000E+00
  0.8874E+02      0.0000E+00      0.0000E+00
  0.8874E+02      0.0000E+00      0.0000E+00
  0.8874E+02      0.0000E+00      0.0000E+00
  0.8874E+02      0.0000E+00      0.0000E+00
  0.8874E+02      0.0000E+00      0.0000E+00
  0.8874E+02      0.0000E+00      0.0000E+00
  0.8874E+02      0.0000E+00      0.0000E+00
  0.8874E+02      0.0000E+00      0.0000E+00
  0.8874E+02      0.0000E+00      0.0000E+00
  0.8874E+02      0.0000E+00      0.0000E+00
  0.8874E+02      0.0000E+00      0.0000E+00
  0.8874E+02      0.0000E+00      0.0000E+00
  0.8874E+02      0.0000E+00      0.0000E+00
  0.8874E+02      0.0000E+00      0.0000E+00
  0.8874E+02      0.0000E+00      0.0000E+00
  0.8874E+02      0.0000E+00      0.0000E+00
  0.8874E+02      0.0000E+00      0.0000E+00
  0.8874E+02      0.0000E+00      0.0000E+00
  0.8874E+02      0.0000E+00      0.0000E+00
  0.8874E+02      0.0000E+00      0.0000E+00
  0.8874E+02      0.0000E+00      0.0000E+00
  0.8874E+02      0.0000E+00      0.0000E+00
  0.8874E+02      0.0000E+00      0.0000E+00
  0.8874E+02      0.0000E+00      0.0000E+00
  0.8874E+02      0.0000E+00      0.0000E+00
  0.8874E+02      0.0000E+00      0.0000E+00
  0.8874E+02      0.0000E+00      0.0000E+00
  0.8874E+02      0.0000E+00      0.0000E+00
  0.8874E+02      0.0000E+00      0.0000E+00
  0.8874E+02      0.0000E+00      0.0000E+00
  0.8874E+02      0.0000E+00      0.0000E+00
  0.8874E+02      0.0000E+00      0.0000E+00
  0.8874E+02      0.0000E+00      0.0000E+00
  0.8874E+02      0.0000E+00      0.0000E+00
  0.8874E+02      0.0000E+00      0.0000E+00
  0.8874E+02      0.0000E+00      0.0000E+00
  0.8874E+02      0.0000E+00      0.0000E+00
  0.8874E+02      0.0000E+00      0.0000E+00
  0.8874E+02      0.0000E+00      0.0000E+00
  0.8874E+02      0.0000E+00      0.0000E+00
  0.8874E+02      0.0000E+00      0.0000E+00
  0.8874E+02      0.0000E+00      0.0000E+00
  0.8874E+02      0.0000E+00      0.0000E+00
  0.8874E+02      0.0000E+00      0.0000E+00
  0.8874E+02      0.0000E+00      0.0000E+00
  0.8874E+02      0.0000E+00      0.0000E+00
  0.8874E+02      0.0000E+00      0.0000E+00
  0.8874E+02      0.0000E+00      0.0000E+00
  0.8874E+02      0.0000E+00      0.0000E+00
  0.8874E+02      0.0000E+00      0.0000E+00
  0.8874E+02      0.0000E+00      0.0000E+00
  0.8874E+02      0.0000E+00      0.0000E+00
  0.8874E+02      0.0000E+00      0.0000E+00
  0.8874E+02      0.0000E+00      0.0000E+00
  0.8874E+02      0.0000E+00      0.0000E+00
  0.8874E+02      0.0000E+00      0.0000E+00
  0.8874E+02      0.0000E+00      0.0000E+00
  0.8874E+02      0.0000E+00      0.0000E+00
  0.8874E+02      0.0000E+00      0.0000E+00
  0.8874E+02      0.0000E+00      0.0000E+00
  0.8874E+02      0.0000E+00      0.0000E+00
  0.8874E+02      0.0000E+00      0.0000E+00
  0.8874E+02      0.0000E+00      0.0000E+00
  0.8874E+02      0.0000E+00      0.0000E+00
  0.8874E+02      0.0000E+00      0.0000E+00
  0.8874E+02      0.0000E+00      0.0000E+00
  0.8874E+02      0.0000E+00      0.0000E+00
  0.8874E+02      0.0000E+00      0.0000E+00
  0.8874E+02      0.0000E+00      0.0000E+00
  0.8874E+02      0.0000E+00      0.0000E+00
  0.8874E+02      0.0000E+00      0.0000E+00
  0.8874E+02      0.0000E+00      0.0000E+00
  0.8874E+02      0.0000E+00      0.0000E+00
  0.8874E+02      0.0000E+00      0.0000E+00
  0.8874E+02      0.0000E+00      0.0000E+00
  0.8874E+02      0.0000E+00      0.0000E+00
  0.8874E+02      0.0000E+00      0.0000E+00
  0.8874E+02      0.0000E+00      0.0000E+00
  0.8874E+02      0.0000E+00      0.0000E+00
  0.8874E+02      0.0000E+00      0.0000E+00
  0.8874E+02      0.0000E+00      0.0000E+00
  0.8874E+02      0.0000E+00      0.0000E+00
  0.8874E+02      0.0000E+00      0.0000E+00
  0.8874E+02      0.0000E+00      0.0000E+00
  0.8874E+02      0.0000E+00      0.0000E+00
  0.8874E+02      0.0000E+00      0.0000E+00
  0.8874E+02      0.0000E+00      0.0000E+00
  0.8874E+02      0.0000E+00      0.0000E+00
  0.8874E+02      0.0000E+00      0.0000E+00
  0.8874E+02      0.0000E+00      0.0000E+00
  0.8874E+02      0.0000E+00      0.0000E+00
  0.8874E+02      0.0000E+00      0.0000E+00
  0.8874E+02      0.0000E+00      0.0000E+00
  0.8874E+02      0.0000E+00      0.0000E+00
  0.8874E+02      0.0000E+00      0.0000E+00
  0.8874E+02      0.0000E+00      0.0000E+00
  0.8874E+02      0.0000E+00      0.0000E+00
  0.8874E+02      0.0000E+00      0.0000E+00
  0.8874E+02      0.0000E+00      0.0000E+00
  0.8874E+02      0.0000E+00      0.0000E+00
  0.8874E+02      0.0000E+00      0.0000E+00
  0.8874E+02      0.0000E+00      0.0000E+00
  0.8874E+02      0.0000E+00      0.0000E+00
  0.8874E+02      0.0000E+00      0.0000E+00
  0.8874E+02      0.0000E+00      0.0000E+00
  0.8874E+02      0.0000E+00      0.0000E+00
  0.8874E+02      0.0000E+00      0.0000E+00
  0.8874E+02      0.0000E+00      0.0000E+00
  0.8874E+02      0.0000E+00      0.0000E+00
  0.8874E+02      0.0000E+00      0.0000E+00
  0.8874E+02      0.0000E+00      0.0000E+00
  0.8874E+02      0.0000E+00      0.0000E+00
  0.8874E+02      0.0000E+00      0.0000E+00
  0.8874E+02      0.0000E+00      0.0000E+00
  0.8874E+02      0.0000E+00      0.0000E+00
  0.8874E+02      0.0000E+00      0.0000E+00
  0.8874E+02      0.0000E+00      0.0000E+00
  0.8874E+02      0.0000E+00      0.0000E+00
  0.8874E+02      0.0000E+00      0.0000E+00
  0.8874E+02      0.0000E+00      0.0000E+00
  0.8874E+02      0.0000E+00      0.0000E+00
  0.8874E+02      0.0000E+00      0.0000E+00
  0.8874E+02      0.0000E+00      0.0000E+00
  0.8874E+02      0.0000E+00      0.0000E+00
  0.8874E+02      0.0000E+00      0.0000E+00
  0.8874E+02      0.0000E+00      0.0000E+00
  0.8874E+02      0.0000E+00      0.0000E+00
  0.8874E+02      0.0000E+00      0.0000E+00
  0.8874E+02      0.0000E+00      0.0000E+00
  0.8874E+02      0.0000E+00      0.0000E+00
  0.8874E+02      0.0000E+00      0.0000E+00
  0.8874E+02      0.0000E+00      0.0000E+00
  0.8874E+02      0.0000E+00      0.0000E+00
  0.8874E+02      0.0000E+00      0.0000E+00
  0.8874E+02      0.0000E+00      0.0000E+00
  0.8874E+02      0.0000E+00      0.0000E+00
  0.8874E+02      0.0000E+00      0.0000E+00
  0.8874E+02      0.0000E+00      0.0000E+00
  0.8874E+02      0.0000E+00      0.0000E+00
  0.8874E+02      0.0000E+00      0.0000E+00
  0.8874E+02      0.0000E+00      0.0000E+00
  0.8874E+02      0.0000E+00      0.0000E+00
  0.8874E+02      0.0000E+00      0.0000E+00
  0.8874E+02      0.0000E+00      0.0000E+00
  0.8874E+02      0.0000E+00      0.0000E+00
  0.8874E+02      0.0000E+00      0.0000E+00
  0.8874E+02      0.0000E+00      0.0000E+00
  0.8874E+02      0.0000E+00      0.0000E+00
  0.8874E+02      0.0000E+00      0.0000E+00
  0.8874E+02      0.0000E+00      0.0000E+00
  0.8874E+02      0.0000E+00      0.0000E+00
  0.8874E+02      0.0000E+00      0.0000E+00
  0.8874E+02      0.0000E+00      0.0000E+00
  0.8874E+02      0.0000E+00      0.0000E+00
  0.8874E+02      0.0000E+00      0.0000E+00
  0.8874E+02      0.0000E+00      0.0000E+00
  0.8874E+02      0.0000E+00      0.0000E+00
  0.8874E+02      0.0000E+00      0.0000E+00
  0.8874E+02      0.0000E+00      0.0000E+00
  0.8874E+02      0.0000E+00      0.0000E+00
  0.8874E+02      0.0000E+00      0.0000E+00
  0.8874E+02      0.0000E+00      0.0000E+00
  0.8874E+02      0.0000E+00      0.0000E+00
  0.8874E+02      0.0000E+00      0.0000E+00
  0.8874E+02      0.0000E+00      0.0000E+00
  0.8874E+02      0.0000E+00      0.0000E+00
  0.8874E+02      0.0000E+00      0.0000E+00
  0.8874E+02      0.0000E+00      0.0000E+00
  0.8874E+02      0.0000E+00      0.0000E+00
  0.8874E+02      0.0000E+00      0.0000E+00
  0.8874E+02      0.0000E+00      0.0000E+00
  0.8874E+02      0.0000E+00      0.0000E+00
  0.8874E+02      0.0000E+00      0.0000E+00
  0.8874E+02      0.0000E+00      0.0000E+00
  0.8874E+02      0.0000E+00      0.0000E+00
  0.8874E+02      0.0000E+00      0.0000E+00
  0.8874E+02      0.0000E+00      0.0000E+00
  0.8874E+02      0.0000E+00      0.0000E+00
  0.8874E+02      0.0000E+00      0.0000E+00
  0.8874E+02      0.0000E+00      0.0000E+00
  0.8874E+02      0.0000E+00      0.0000E+00
  0.8874E+02      0.0000E+00      0.0000E+00
  0.8874E+02      0.0000E+00      0.0000E+00
  0.8874E+02      0.0000E+00      0.0000E+00
  0.8874E+02      0.0000E+00      0.0000E+00
  0.8874E+02      0.0000E+00      0.0000E+00
  0.8874E+02      0.0000E+00      0.0000E+00
  0.8874E+02      0.0000E+00      0.0000E+00
  0.8874E+02      0.0000E+00      0.0000E+00
  0.8874E+02      0.0000E+00      0.0000E+00
  0.8874E+02      0.0000E+00      0.0000E+00
  0.8874E+02      0.0000E+00      0.0000E+00
  0.8874E+02      0.0000E+00      0.0000E+00
  0.8874E+02      0.0000E+00      0.0000E+00
  0.8874E+02      0.0000E+00      0.0000E+00
  0.8874E+02      0.0000E+00      0.0000E+00
  0.8874E+02      0.0000E+00      0.0000E+00
  0.8874E+02      0.0000E+00      0.0000E+00
  0.8874E+02      0.0000E+00      0.0000E+00
  0.8874E+02      0.0000E+00      0.0000E+00
  0.8874E+02      0.0000E+00      0.0000E+00
  0.8874E+02      0.0000E+00      0.0000E+00
  0.8874E+02      0.0000E+00      0.0000E+00
  0.8874E+02      0.0000E+00      0.0000E+00
  0.8874E+02      0.0000E+00      0.0000E+00
  0.8874E+02      0.0000E+00      0.0000E+00
  0.8874E+02      0.0000E+00      0.0000E+00
  0.8874E+02      0.0000E+00      0.0000E+00
  0.8874E+02      0.0000E+00      0.0000E+00
  0.8874E+02      0.0000E+00      0.0000E+00
  0.8874E+02      0.0000E+00      0.0000E+00
  0.8874E+02      0.0000E+00      0.0000E+00
  0.8874E+02      0.0000E+00      0.0000E+00
  0.8874E+02      0.0000E+00      0.0000E+00
  0.8874E+02      0.0000E+00      0.0000E+00
  0.8874E+02      0.0000E+00      0.0000E+00
  0.8874E+02      0.0000E+00      0.0000E+00
  0.8874E+02      0.0000E+00      0.0000E+00
  0.8874E+02      0.0000E+00      0.0000E+00
  0.8874E+02      0.0000E+00      0.0000E+00
  0.8874E+02      0.0000E+00      0.0000E+00
  0.8874E+02      0.0000E+00      0.0000E+00
  0.8874E+02      0.0000E+00      0.0000E+00
  0.8874E+02      0.0000E+00      0.0000E+00
  0.8874E+02      0.0000E+00      0.0000E+00
  0.8874E+02      0.0000E+00      0.0000E+00
  0.8874E+02      0.0000E+00      0.0000E+00
  0.8874E+02      0.0000E+00      0.0000E+00
  0.8874E+02      0.0000E+00      0.0000E+00
  0.8874E+02      0.0000E+00      0.0000E+00
  0.8874E+02      0.0000E+00      0.0000E+00
  0.8874E+02      0.0000E+00      0.0000E+00
  0.8874E+02      0.0000E+00      0.0000E+00
  0.8874E+02      0.0000E+00      0.0000E+00
  0.8874E+02      0.0000E+00      0.0000E+00
  0.8874E+02      0.0000E+00      0.0000E+00
  0.8874E+02      0.0000E+00      0.0000E+00
  0.8874E+02      0.0000E+00      0.0000E+00
  0.8874E+02      0.0000E+00      0.0000E+00
  0.8874E+02      0.0000E+00      0.0000E+00
  0.8874E+02      0.0000E+00      0.0000E+00
  0.8874E+02      0.0000E+00      0.0000E+00
  0.8874E+02      0.0000E+00      0.0000E+00
  0.8874E+02      0.0000E+00      0.0000E+00
  0.8874E+02      0.0000E+00      0.0000E+00
  0.8874E+02      0.0000E+00      0.0000E+00
  0.8874E+02      0.0000E+00      0.0000E+00
  0.8874E+02      0.0000E+00      0.0000E+00
  0.8874E+02      0.0000E+00      0.0000E+00
  0.8874E+02      0.0000E+00      0.0000E+00
  0.8874E+02      0.0000E+00      0.0000E+00
  0.8874E+02      0.0000E+00      0.0000E+00
  0.8874E+02      0.0000E+00      0.0000E+00
  0.8874E+02      0.0000E+00      0.0000E+00
  0.8874E+02      0.0000E+00      0.0000E+00
  0.8874E+02      0.0000E+00      0.0000E+00
  0.8874E+02      0.0000E+00      0.0000E+00
  0.8874E+02      0.0000E+00      0.0000E+00
  0.8874E+02      0.0000E+00      0.0000E+00
  0.8874E+02      0.0000E+00      0.0000E+00
  0.8874E+02      0.0000E+00      0.0000E+00
  0.8874E+02      0.0000E+00      0.0000E+00
  0.8874E+02      0.0000E+00      0.0000E+00
  0.8874E+02      0.0000E+00      0.0000E+00
  0.8874E+02      0.0000E+00      0.0000E+00
  0.8874E+02      0.0000E+00      0.0000E+00
  0.8874E+02      0.0000E+00      0.0000E+00
  0.8874E+02      0.0000E+00      0.0000E+00
  0.8874E+02      0.0000E+00      0.0000E+00
  0.8874E+02      0.0000E+00      0.0000E+00
  0.8874E+02      0.0000E+00      0.0000E+00
  0.8874E+02      0.0000E+00      0.0000E+00
  0.8874E+02      0.0000E+00      0.0000E+00
  0.8874E+02      0.0000E+00      0.0000E+00
  0.8874E+02      0.0000E+00      0.0000E+00
  0.8874E+02      0.0000E+00      0.0000E+00
  0.8874E+02      0.0000E+00      0.0000E+00
  0.8874E+02      0.0000E+00      0.0000E+00
  0.8874E+02      0.0000E+00      0.0000E+00
  0.8874E+02      0.0000E+00      0.0000E+00
  0.8874E+02      0.0000E+00      0.0000E+00
  0.8874E+02      0.0000E+00      0.0000E+00
  0.8874E+02      0.0000E+00      0.0000E+00
  0.8874E+02      0.0000E+00      0.0000E+00
  0.8874E+02      0.0000E+00      0.0000E+00
  0.8874E+02      0.0000E+00      0.0000E+00
  0.8874E+02      0.0000E+00      0.0000E+00
  0.8874E+02      0.0000E+00      0.0000E+00
  0.8874E+02      0.0000E+00      0.0000E+00
  0.8874E+02      0.0000E+00      0.0000E+00
  0.8874E+02      0.0000E+00      0.0000E+00
  0.8874E+02      0.0000E+00      0.0000E+00
  0.8874E+02      0.0000E+00      0.0000E+00
  0.8874E+02      0.0000E+00      0.0000E+00
  0.8874E+02      0.0000E+00      0.0000E+00
  0.8874E+02      0.0000E+00      0.0000E+00
  0.8874E+02      0.0000E+00      0.0000E+00
  0.8874E+02      0.0000E+00      0.0000E+00
  0.8874E+02      0.0000E+00      0.0000E+00
  0.8874E+02      0.0000E+00      0.0000E+00
  0.8874E+02      0.0000E+00      0.0000E+00
  0.8874E+02      0.0000E+00      0.0000E+00
  0.8874E+02      0.0000E+00      0.0000E+00
  0.8874E+02      0.0000E+00      0.0000E+00
  0.8874E+02      0.0000E+00      0.0000E+00
  0.8874E+02      0.0000E+00      0.0000E+00
  0.8874E+02      0.0000E+00      0.0000E+00
  0.8874E+02      0.0000E+00      0.0000E+00
  0.8874E+02      0.0000E+00      0.0000E+00
  0.8874E+02      0.0000E+00      0.0000E+00
  0.8874E+02      0.0000E+00      0.0000E+00
  0.8874E+02      0.0000E+00      0.0000E+00
  0.8874E+02      0.0000E+00      0.0000E+00
  0.8874E+02      0.0000E+00      0.0000E+00
  0.8874E+02      0.0000E+00      0.0000E+00
  0.8874E+02      0.0000E+00      0.0000E+00
  0.8874E+02      0.0000E+00      0.0000E+00
  0.8874E+02      0.0000E+00      0.0000E+00
  0.8874E+02      0.0000E+00      0.0000E+00
  0.8874E+02      0.0000E+00      0.0000E+00
  0.8874E+02      0.0000E+00      0.0000E+00
  0.8874E+02      0.0000E+00      0.0000E+00
  0.8874E+02      0.0000E+00      0.0000E+00
  0.8874E+02      0.0000E+00      0.0000E+00
  0.8874E+02      0.0000E+00      0.0000E+00
  0.8874E+02      0.0000E+00      0.0000E+00
  0.8874E+02      0.0000E+00      0.0000E+00
  0.8874E+02      0.0000E+00      0.0000E+00
  0.8874E+02      0.0000E+00      0.0000E+00
  0.8874E+02      0.0000E+00      0.0000E+00
  0.8874E+02      0.0000E+00      0.0000E+00
  0.8874E+02      0.0000E+00      0.0000E+00
  0.8874E+02      0.0000E+00      0.0000E+00
  0.8874E+02      0.0000E+00      0.0000E+00
  0.8874E+02      0.0000E+00      0.0000E+00
  0.8874E+02      0.0000E+00      0.0000E+00
  0.8874E+02      0.0000E+00      0.0000E+00
  0.8874E+02      0.0000E+00      0.0000E+00
  0.8874E+02      0.0000E+00      0.0000E+00
  0.8874E+02      0.0000E+00      0.0000E+00
  0.8874E+02      0.0000E+00      0.0000E+00
  0.8874E+02      0.0000E+00      0.0000E+00
  0.8874E+02      0.0000E+00      0.0000E+00
  0.8874E+02      0.0000E+00      0.0000E+00
  0.8874E+02      0.0000E+00      0.0000E+00
  0.8874E+02      0.0000E+00      0.0000E+00
  0.8874E+02      0.0000E+00      0.0000E+00
  0.8874E+02      0.0000E+00      0.0000E+00
  0.8874E+02      0.0000E+00      0.0000E+00
  0.8874E+02      0.0000E+00      0.0000E+00
  0.8874E+02      0.0000E+00      0.0000E+00
  0.8874E+02      0.0000E+00      0.0000E+00
  0.8874E+02      0.0000E+00      0.0000E+00
  0.8874E+02      0.0000E+00      0.0000E+00
  0.8874E+02      0.0000E+00      0.0000E+00
