GENER
AH  1inj 1                   3     COM3h 0.000    0.5380E+05 0.000     0
 0.0000000E+00 0.3155690E+09 0.3155690E+10
 0.5000000E+01 0.0000000E+00 0.0000000E+00
 0.5380000E+05 0.5380000E+05 0.5380000E+05
AI  1inj 2                   3     COM3h 0.000    0.5380E+05 0.000     0
 0.0000000E+00 0.3155690E+09 0.3155690E+10
 0.5000000E+01 0.0000000E+00 0.0000000E+00
 0.5380000E+05 0.5380000E+05 0.5380000E+05
AJ  1inj 3                   3     COM3h 0.000    0.5380E+05 0.000     0
 0.0000000E+00 0.3155690E+09 0.3155690E+10
 0.5000000E+01 0.0000000E+00 0.0000000E+00
 0.5380000E+05 0.5380000E+05 0.5380000E+05
AK  1inj 4                   3     COM3h 0.000    0.5380E+05 0.000     0
 0.0000000E+00 0.3155690E+09 0.3155690E+10
 0.5000000E+01 0.0000000E+00 0.0000000E+00
 0.5380000E+05 0.5380000E+05 0.5380000E+05
+++  
   17   18   19   20
